dir=2023BhAx4RevisedRace
longname=2023 Boot's House Arenacross Rd4 Revised Race
firstlap=13
normallap=23
hash=51461bec66bcbf918f625ab4fd04b5cf23a8bc7b
holeshotindex=1
time=115200
laps=1
starttime=1829
date=1690409065
players:
slot=0
uid=23971
number=78
bike=250sxf(2018)
name=Jakob Hubbard | Phil's
slot=1
uid=29988
number=711
bike=fc450(2018)
name=Yerd | Phil's
times:
0 0 1966
1 0 1967
1 1 2301
0 1 2374
1 2 2608
1 3 2764
1 4 3118
0 2 3344
1 5 3475
0 3 3550
1 6 3718
1 7 3870
0 4 3889
1 8 4073
1 9 4228
0 5 4254
0 6 4454
1 10 4532
0 7 4628
1 11 4758
0 8 4817
1 12 4930
1 13 4931
0 9 4973
0 10 5272
1 14 5515
0 11 5530
0 12 5708
0 13 5709
1 15 5881
1 16 6002
0 14 6165
1 17 6173
1 18 6370
0 15 6532
1 19 6561
0 16 6660
0 17 6816
0 18 6979
0 19 7133
1 20 7267
0 20 7584
1 21 7622
0 21 7809
1 22 8079
0 22 8358
1 23 8350
0 23 8649
1 24 8808
0 24 9007
1 25 9159
0 25 9338
1 26 9344
0 26 9521
1 27 9584
1 28 9719
0 27 9773
1 29 9850
0 28 9926
0 29 10071
1 30 10063
1 31 10219
0 30 10283
1 32 10384
0 31 10453
0 32 10558
1 33 10591
0 33 10839
1 34 10868
1 35 11052
1 36 11053
0 34 11135
0 35 11328
0 36 11329
0 37 11780
0 38 12144
0 39 12257
0 40 12401
0 41 12547
0 42 12684
1 37 12905
1 38 13287
1 39 13404
1 40 13560
1 41 13741
0 43 14043
1 42 14330
0 44 14659
1 43 14732
0 45 15182
0 46 15506
1 44 15533
0 47 15815
1 45 15946
0 48 16141
1 46 16219
0 49 16312
0 50 16528
1 47 16563
0 51 16670
1 48 16904
1 49 17082
1 50 17307
1 51 17434
1 52 17568
1 53 17773
0 52 17871
1 54 17934
0 53 18070
1 55 18105
0 54 18223
1 56 18261
0 55 18332
1 57 18478
1 58 18641
0 56 18662
1 59 18642
0 57 19074
0 58 19308
0 59 19309
1 60 19706
1 61 20124
1 62 20294
1 63 20487
1 64 21684
0 60 21822
1 65 21911
0 61 22156
0 62 22277
0 63 22438
0 64 22616
0 65 22803
1 66 23152
0 66 23479
1 67 23496
0 67 23825
1 68 23933
0 68 24186
1 69 24219
0 69 24404
0 70 24669
1 70 24882
0 71 25000
0 72 25171
1 71 25216
1 72 25392
1 73 25619
1 74 25749
0 73 25817
1 75 25875
0 74 26007
1 76 26103
0 75 26145
1 77 26293
0 76 26326
0 77 26470
1 78 26478
0 78 26611
1 79 26661
0 79 26845
1 80 26907
1 81 27080
1 82 27081
0 80 27219
0 81 27440
0 82 27441
0 83 28034
0 84 28366
0 85 28487
0 86 28647
0 87 28830
0 88 29001
0 89 29490
0 90 30090
0 91 30573
0 92 30843
1 83 30870
0 93 31212
1 84 31207
1 85 31335
1 86 31504
0 94 31530
1 87 31679
0 95 31697
1 88 31833
0 96 31908
0 97 32033
0 98 32168
1 89 32263
0 99 32354
0 100 32480
1 90 32506
1 91 32835
1 92 33108
0 101 33516
1 93 33549
0 102 33798
0 103 34143
0 104 34399
0 105 34400
1 94 34494
1 95 34692
1 96 34947
1 97 35101
0 106 36089
1 98 36388
0 107 36532
1 99 36630
0 108 36701
1 100 36795
0 109 36920
1 101 36946
1 102 37125
0 110 37140
0 111 37349
1 103 37627
1 104 37877
1 105 37878
0 112 37953
0 113 38328
1 106 38824
0 114 38836
0 115 39249
1 107 39514
0 116 39640
1 108 39684
1 109 39889
0 117 39964
1 110 40081
0 118 40142
1 111 40237
0 119 40381
0 120 40525
0 121 40669
1 112 40754
0 122 40860
0 123 40998
1 113 40991
0 124 41138
1 114 41318
1 115 41567
0 125 41640
1 116 41896
0 126 41983
0 127 42222
0 128 42223
1 117 42266
1 118 42478
0 129 42713
1 119 43634
1 120 43854
1 121 44014
0 130 44100
1 122 44213
0 131 44351
1 123 44395
1 124 44484
0 132 44569
1 125 44732
0 133 44797
0 134 45013
0 135 45426
1 126 46067
0 136 46132
1 127 46277
1 128 46278
0 137 46526
0 138 46773
1 129 46770
0 139 47053
1 130 47132
1 131 47262
0 140 47378
1 132 47469
0 141 47548
1 133 47665
0 142 47759
1 134 47845
0 143 47892
0 144 48055
0 145 48232
1 135 48295
0 146 48446
1 136 48538
1 137 48874
0 147 48922
1 138 49165
0 148 49206
1 139 49491
0 149 49785
1 140 49810
1 141 49987
0 150 50060
0 151 50061
1 142 50217
1 143 50350
1 144 50483
0 152 50655
1 145 50679
1 146 50863
0 153 51016
1 147 51040
0 154 51177
1 148 51204
0 155 51354
1 149 51417
0 156 51540
1 150 51577
1 151 51578
0 157 51730
1 152 52042
0 158 52191
1 153 52410
0 159 52433
1 154 52521
1 155 52713
0 160 52847
0 161 53120
0 162 53400
0 163 53726
1 156 53863
0 164 53900
1 157 54063
0 165 54128
0 166 54259
0 167 54399
0 168 54597
0 169 55058
0 170 55204
0 171 55410
0 172 55675
0 173 55854
0 174 55855
1 158 56009
0 175 56327
0 176 56699
0 177 56818
0 178 56971
0 179 57136
0 180 57305
0 181 57773
0 182 58012
1 159 58112
0 183 58424
1 160 58539
0 184 58684
1 161 58854
0 185 58962
1 162 59190
0 186 59292
0 187 59473
1 163 59556
0 188 59711
1 164 59747
0 189 59852
1 165 59977
0 190 59990
1 166 60111
0 191 60164
1 167 60262
0 192 60305
0 193 60440
1 168 60481
0 194 60614
1 169 60655
1 170 60818
0 195 60851
0 196 61017
0 197 61018
1 171 61058
0 198 62478
0 199 62947
0 200 64404
0 201 64663
0 202 64946
0 203 65302
0 204 66456
0 205 68105
1 173 68109
1 174 68110
1 173 68111
1 174 68112
1 173 68113
1 174 68114
1 173 68115
1 174 68116
1 173 68117
1 174 68118
1 173 68119
1 174 68120
1 173 68121
1 174 68122
1 173 68123
1 174 68124
1 173 68125
1 174 68126
1 173 68127
1 174 68128
1 173 68129
1 174 68130
1 173 68131
1 174 68132
1 173 68133
1 174 68134
1 173 68135
1 174 68136
1 173 68137
1 174 68138
1 173 68139
0 206 68508
1 174 68140
1 173 68141
1 174 68142
1 173 68143
1 174 68144
1 173 68145
1 174 68146
1 173 68147
1 174 68148
1 173 68149
1 174 68150
1 173 68151
1 174 68152
1 173 68153
1 174 68154
1 173 68155
1 174 68156
1 173 68157
1 174 68158
1 173 68159
1 174 68160
1 173 68161
1 174 68162
1 173 68163
1 174 68164
1 173 68165
1 174 68166
1 173 68167
1 174 68168
1 173 68169
0 207 68877
1 174 68170
1 173 68171
1 174 68172
1 173 68173
1 174 68174
1 173 68175
1 174 68176
1 173 68177
1 174 68178
1 173 68179
1 174 68180
1 173 68181
1 174 68182
1 173 68183
1 174 68184
1 173 68185
1 174 68186
1 173 68187
1 174 68188
1 173 68189
1 174 68190
1 173 68191
1 174 68192
1 173 68193
1 174 68194
1 173 68195
1 174 68196
1 173 68197
1 174 68198
0 208 69242
1 173 68199
1 174 68200
1 173 68201
1 174 68202
1 173 68203
1 174 68204
1 173 68205
1 174 68206
1 173 68207
1 174 68208
1 173 68209
1 174 68210
1 173 68211
1 174 68212
1 173 68213
1 174 68214
1 173 68215
1 174 68216
1 173 68217
1 174 68218
1 173 68219
1 174 68220
1 173 68221
1 174 68222
1 173 68223
1 174 68224
0 209 69576
1 173 68225
1 174 68226
1 173 68227
1 174 68228
1 173 68229
1 174 68230
1 173 68231
1 174 68232
1 173 68233
1 174 68234
1 173 68235
1 174 68236
1 173 68237
1 174 68238
0 210 69751
1 173 68239
1 174 68240
1 173 68241
1 174 68242
1 173 68243
1 174 68244
1 173 68245
1 174 68246
1 173 68247
1 174 68248
1 173 68249
1 174 68250
1 173 68251
1 174 68252
1 173 68253
1 174 68254
1 173 68255
1 174 68256
1 173 68257
1 174 68258
1 173 68922
1 174 68923
1 173 68924
1 174 68925
1 173 68926
1 174 68927
1 173 68928
1 174 68929
1 173 68930
0 211 70109
1 174 68931
1 173 68932
1 174 68933
1 173 68934
1 174 68935
1 173 68936
1 174 68937
1 173 68938
1 174 68939
1 173 68940
1 174 68941
1 173 68942
1 174 68943
1 173 68944
1 174 68945
1 173 68946
1 174 68947
1 173 68948
1 174 68949
1 173 68950
1 174 68951
1 173 68952
1 174 68953
1 173 68954
1 174 68955
1 173 68956
1 174 68957
1 173 68958
1 174 68959
1 173 68960
1 174 68961
1 173 68962
1 174 68963
1 173 68964
1 174 68965
1 173 68966
1 174 68967
1 173 68968
1 174 68969
1 173 68970
1 174 68971
1 173 68972
1 174 68973
1 173 68974
1 174 68975
1 173 68976
1 174 68977
1 173 68978
1 174 68979
1 173 68980
1 174 68981
1 173 68982
1 174 68983
1 173 68984
1 174 68985
1 173 68986
1 174 68987
1 173 68988
1 174 68989
1 173 68990
1 174 68991
1 173 68992
1 174 68993
1 173 68994
1 174 68995
1 173 68996
1 174 68997
1 173 68998
1 174 68999
1 173 69000
1 174 69001
1 173 69002
1 174 69003
1 173 69004
1 174 69005
1 173 69006
1 174 69007
1 173 69008
1 174 69009
1 173 69010
1 174 69011
1 173 69012
1 174 69013
1 173 69014
1 174 69015
1 173 69016
1 174 69017
1 173 69018
1 174 69019
0 212 71230
1 173 69020
1 174 69021
1 173 69022
1 174 69023
1 173 69024
1 174 69025
1 173 69026
1 174 69027
1 173 69028
1 174 69029
1 173 69030
1 174 69031
0 213 71383
1 173 69032
1 174 69033
1 173 69034
1 174 69035
1 173 69036
1 174 69037
1 173 69038
1 174 69039
1 173 69040
1 174 69041
1 173 69042
1 174 69043
1 173 69044
1 174 69045
1 173 69046
1 174 69047
0 214 71593
1 173 69048
1 174 69049
1 173 69050
1 174 69051
1 173 69052
1 174 69053
1 173 69054
1 174 69055
1 173 69056
1 174 69057
1 173 69058
1 174 69059
0 215 71738
1 173 69060
1 174 69061
1 173 69062
1 174 69063
1 173 69064
1 174 69065
1 173 69066
1 174 69067
1 173 69068
0 216 71854
1 174 69069
1 173 69070
1 174 69071
1 173 69072
1 174 69073
1 173 69074
1 174 69075
1 173 69076
1 174 69077
1 173 69078
1 174 69079
1 173 69080
1 174 69081
1 173 69082
1 174 69083
1 173 69084
1 174 69085
1 173 69086
1 174 69087
1 173 69088
1 174 69089
1 173 69090
1 174 69091
1 173 69092
0 217 72155
1 174 69093
1 173 69094
1 174 69095
1 173 69096
1 174 69097
1 173 69098
1 174 69099
1 173 69100
1 174 69101
1 173 69102
1 174 69103
1 173 69104
1 174 69105
1 173 69106
1 174 69107
1 173 69108
1 174 69109
1 173 69110
1 174 69111
1 173 69112
1 174 69113
1 173 69114
1 174 69115
1 173 69116
1 174 69117
1 173 69118
1 174 69119
1 173 69120
0 218 72520
1 174 69121
1 173 69122
1 174 69123
1 173 69124
1 174 69125
1 173 69126
1 174 69127
1 173 69128
1 174 69129
1 173 69130
1 174 69131
1 173 69132
1 174 69133
1 173 69134
1 174 69135
1 173 69136
1 174 69137
0 219 72730
0 220 72731
1 173 69138
1 174 69139
1 173 69140
1 174 69141
1 173 69142
1 174 69143
1 173 69144
1 174 69145
1 173 69146
1 174 69147
1 173 69148
1 174 69149
1 173 69150
1 174 69151
1 173 69152
1 174 69153
1 173 69154
1 174 69155
1 173 69156
1 174 69157
1 173 69158
1 174 69159
1 173 69160
1 174 69161
1 173 69162
1 174 69163
1 173 69164
1 174 69165
1 173 69166
1 174 69167
1 173 69168
1 174 69169
1 173 69170
1 174 69171
1 173 69172
1 174 69173
0 221 73177
1 173 69174
1 174 69175
1 173 69176
1 174 69177
1 173 69178
1 174 69179
1 173 69180
1 174 69181
1 173 69182
1 174 69183
1 173 69184
1 174 69185
1 173 69186
1 174 69187
1 173 69188
1 174 69189
1 173 69190
1 174 69191
1 173 69192
1 174 69193
1 173 69194
1 174 69195
1 173 69196
1 174 69197
1 173 69198
1 174 69199
1 173 69200
1 174 69201
1 173 69202
1 174 69203
1 173 69204
1 174 69205
1 173 69206
1 174 69207
1 173 69208
1 174 69209
1 173 69210
1 174 69211
1 173 69212
1 174 69213
1 173 69214
1 174 69215
1 173 69216
1 174 69217
1 173 69218
1 174 69219
1 173 69220
1 174 69221
1 173 69222
1 174 69223
1 173 69224
1 174 69225
1 173 69226
1 174 69227
1 173 69228
1 174 69229
1 173 69230
1 174 69231
1 173 69232
1 174 69233
0 222 73940
1 173 69234
1 174 69235
1 173 69236
1 174 69237
1 173 69238
1 174 69239
1 173 69240
1 174 69241
1 173 69242
1 174 69243
1 173 69244
1 174 69245
1 173 69246
0 223 74098
1 174 69247
1 173 69248
1 174 69249
1 173 69250
1 174 69251
1 173 69252
1 174 69253
1 173 69254
1 174 69255
1 173 69256
1 174 69257
1 173 69258
1 174 69259
0 224 74272
1 173 69260
1 174 69261
1 173 69262
1 174 69263
1 173 69264
1 174 69265
1 173 69266
1 174 69267
1 173 69268
1 174 69269
1 173 69270
1 174 69271
1 173 69272
1 174 69273
0 225 74451
1 173 69274
1 174 69275
1 173 69276
1 174 69277
1 173 69278
1 174 69279
1 173 69280
1 174 69281
1 173 69282
1 174 69283
1 173 69284
1 174 69285
1 173 69286
1 174 69287
1 173 69288
1 174 69289
1 173 69290
1 174 69291
1 173 69292
0 226 74693
1 174 69293
1 173 69294
1 174 69295
1 173 69296
1 174 69297
1 173 69298
1 174 69299
1 173 69300
1 174 69301
1 173 69302
1 174 69303
1 173 69304
1 174 69305
1 173 69306
1 174 69307
1 173 69308
1 174 69309
1 173 69310
1 174 69311
1 173 69312
1 174 69313
1 173 69314
1 174 69315
1 173 69316
1 174 69317
1 173 69318
1 174 69319
1 173 69320
1 174 69321
1 173 69322
1 174 69323
1 173 69324
1 174 69325
1 173 69326
1 174 69327
1 173 69328
1 174 69329
1 173 69330
1 174 69331
1 173 69332
1 174 69333
1 173 69334
1 174 69335
1 173 69336
1 174 69337
1 175 69965
1 176 70308
1 177 70420
1 178 70576
1 179 70746
1 180 70884
0 227 75339
1 181 71333
1 182 71549
1 183 72077
0 228 75677
0 229 76104
0 230 76386
0 231 76681
0 232 77007
0 233 77183
0 234 77417
0 235 77555
0 236 77710
0 237 77897
0 238 78060
0 239 78151
0 240 78345
0 241 78608
0 242 78792
0 243 78793
0 244 80220
0 245 80655
0 246 80775
0 247 80927
0 248 81091
0 249 81263
0 250 81732
0 251 82218
0 252 82640
